<?xml version="1.0"?>
<opencv_storage>
<calibration_time>"Tue 02 May 2017 21:16:19 AEST"</calibration_time>
<nr_of_frames>50</nr_of_frames>
<image_width>720</image_width>
<image_height>480</image_height>
<board_width>8</board_width>
<board_height>6</board_height>
<square_size>580.</square_size>
<fix_aspect_ratio>1.</fix_aspect_ratio>
<!-- flags: +fix_aspectRatio +fix_principal_point +zero_tangent_dist -->
<flags>6158</flags>
<fisheye_model>0</fisheye_model>
<camera_matrix type_id="opencv-matrix">
  <rows>3</rows>
  <cols>3</cols>
  <dt>d</dt>
  <data>
    5.4138937743564509e+02 0. 3.5950000000000000e+02 0.
    5.4138937743564509e+02 2.3950000000000000e+02 0. 0. 1.</data></camera_matrix>
<distortion_coefficients type_id="opencv-matrix">
  <rows>5</rows>
  <cols>1</cols>
  <dt>d</dt>
  <data>
    2.6007357254729407e-01 -1.6182675560065496e+00 0. 0.
    3.6966027372935573e+00</data></distortion_coefficients>
<avg_reprojection_error>1.9310698649123206e+00</avg_reprojection_error>
<per_view_reprojection_errors type_id="opencv-matrix">
  <rows>50</rows>
  <cols>1</cols>
  <dt>f</dt>
  <data>
    1.52692348e-01 2.07951978e-01 1.38232127e-01 1.90238670e-01
    2.73677945e-01 2.82482535e-01 2.08810017e-01 2.08285972e-01
    2.23902300e-01 3.27126145e+00 3.55443621e+00 3.59640837e+00
    3.01155734e+00 1.01498139e+00 2.52720881e+00 3.45060015e+00
    3.07869101e+00 2.91280341e+00 3.45983744e+00 2.14427423e+00
    2.75908446e+00 1.14854932e+00 1.75195113e-01 1.34849086e-01
    3.55192614e+00 3.39135981e+00 3.30880046e+00 2.79034466e-01
    5.03062010e-01 1.26426011e-01 2.51304477e-01 4.15249062e+00
    3.86064386e+00 2.89280963e+00 2.42405891e-01 2.81519026e-01
    1.71817631e-01 1.16409466e-01 1.51819110e-01 2.95562297e-01
    2.19313309e-01 3.48842710e-01 3.21059555e-01 5.14040828e-01
    6.63509727e-01 5.22003889e-01 3.38496298e-01 2.98625708e-01
    2.16311276e-01 2.82872349e-01</data></per_view_reprojection_errors>
<extrinsic_parameters type_id="opencv-matrix">
  <rows>50</rows>
  <cols>6</cols>
  <dt>d</dt>
  <data>
    9.6022209800085759e-02 6.7885905518426479e-02 1.6805999464183770e-02
    -2.3259667531965933e+03 -1.4218066272962849e+03
    1.2088562388104681e+04 1.3462694784203660e-01 1.0284472037496463e-01
    1.0576065851845656e-02 -1.9641491559551062e+03
    -2.3386684274189320e+03 1.3573170230725187e+04
    1.6267591750559782e-01 1.2417537640974789e-01
    -3.0500962805578243e-03 -9.5230171868844013e+02
    -1.9969317234606817e+03 1.3541611485224690e+04
    1.8953470887753643e-01 -3.6902546186973070e-02
    -2.5903784955191245e-02 -1.2184073894960134e+03
    -1.9137183549570059e+03 1.2280449783182366e+04
    2.1358501048642589e-01 -2.8901286523875835e-01
    -4.1086290728689280e-02 -1.5305238546812445e+03
    -1.9041814852451766e+03 1.1844957215831007e+04
    1.9889796339793928e-01 -5.8451104709823776e-01
    -9.2880761609270654e-02 -2.7142902658806479e+03
    -1.9618497732647857e+03 1.2657345615200124e+04
    1.9108991301516293e-01 -7.1972907566235500e-01
    -5.3949937588586627e-02 -3.7126344150098762e+03
    -1.8629236169829064e+03 1.2879136608707888e+04
    1.9754925925517167e-01 -6.4691171964404393e-01
    -3.7998399818497564e-01 -1.9464880631345204e+03
    -2.7206753679917392e+03 1.3118065968714456e+04
    1.3746733808928188e-01 -6.1710159199056469e-01
    -6.6527394288655650e-01 -3.7222669023177826e+02
    -2.8633577074473883e+03 1.3052978697631177e+04
    -6.2999979448076102e-02 -8.7701196592151187e-01
    -6.8555084444032266e-01 -5.4987243684826115e+02
    -8.2263482155098529e+02 1.3869159053918305e+04
    -5.3256652229927294e-02 -9.1533564536015588e-01
    -5.9730765767040561e-01 1.1271189351288062e+02
    -1.2837433416899132e+03 1.4125905089777987e+04
    8.2895364569534627e-02 -8.1528176641488292e-01
    -1.9815690135827047e-01 1.4327349712347755e+03
    -9.1308825368918087e+02 1.4314624855735950e+04
    5.9879813747038579e-01 -5.5081739482182357e-01
    8.5616147679117738e-01 2.6882734369173218e+03
    -8.6184519877403238e+02 1.4224363602673910e+04
    -7.1017230630566849e-02 -5.8499578792827267e-01
    4.4375259009889464e-02 1.9315430062110559e+03 2.0886699065319931e+03
    1.4399242207634054e+04 -2.8342109361106621e-01
    -6.4347216646866301e-01 -7.2487554551708175e-02
    3.6852186058644577e+02 2.6021063538762910e+03 1.4913565702639375e+04
    -1.1651325521457678e-01 -5.6621950943190869e-01
    -1.1665658719215223e-01 3.7473385615865516e+02
    -6.8461391625415865e+02 1.7049808648241473e+04
    3.7714721681679414e-01 -6.5443492653891866e-01
    -1.4475460384972463e-01 1.6260973340796639e+02
    -3.3734790371892377e+03 1.4756020045748312e+04
    4.6793666938204415e-01 -6.1942653795336389e-01
    -1.8523273427833820e-01 1.9762027769299911e+02
    -2.5421186016368874e+03 1.4950276483352643e+04
    4.7270753478428051e-01 -6.1766712423455250e-01
    -1.8775450755470360e-01 3.4473739354389960e+02
    -1.9694472841107970e+03 1.5119391391285704e+04
    5.0463874276198606e-01 -5.9726754091033551e-01
    -2.3471793372420674e-01 3.4272365067752781e+02
    -1.7114919382429393e+03 1.5078883180071529e+04
    2.8760755016184281e-01 -6.2526945004254086e-01
    -1.5014322115694961e-01 6.9738836431225963e+01
    5.7159174383508946e+02 1.5237371043471187e+04 2.7854607892050104e-01
    -6.2533752245605057e-01 -1.2135834618494244e-01
    3.7184188543123241e+02 -1.4408880985982530e+03
    1.3872337769164336e+04 1.5930926567715870e-01
    -5.5653051183486557e-01 -7.6728638953260153e-02
    1.0184638331020249e+03 -8.2180523798200977e+02
    1.3822944475617353e+04 1.7320564710768496e-01
    -5.3978468273731661e-01 -8.2920270679123220e-02
    1.1236855059949291e+03 -1.2080425248675604e+03
    1.3860697543588238e+04 1.7921886507205684e-01
    -7.3421384117383581e-01 -1.3238670124980631e-01
    1.2260537896246899e+03 -1.1758846596222349e+03
    1.3598606154607352e+04 1.9221535636826412e-01
    -8.2517112981385243e-01 -4.3995881157734651e-01
    6.7712094329262311e+02 -1.9077893361764543e+03
    1.0267875642828836e+04 1.8789500019818002e-02
    -9.1987804355294056e-01 -5.8328681894905465e-01
    -2.6890957820974188e+02 -2.0482806321879463e+02
    9.4726487188802639e+03 2.0397920052702120e-01
    -5.0274083750415399e-01 -3.3481319859165798e-01
    3.7058253341394885e+02 -1.7176258768999887e+03
    9.3498183805566478e+03 3.2536331972622973e-01
    -3.2098024310367385e-01 -1.4929450369590311e-01
    -2.2718474470568312e+03 -1.4199057509971221e+03
    8.9927776822827836e+03 3.2604167423562203e-01 2.6307359399306529e-01
    -1.3406346676675503e-02 -2.3604316810311038e+03
    -1.6739401626361246e+03 1.0714819602013649e+04
    2.9849574755529684e-01 7.9646763639218865e-01 1.0707676113719984e-01
    -6.1971981079618774e+02 -1.8229424599048655e+03
    1.1145227868851882e+04 2.4833565460472054e-01 1.0515821227439348e+00
    2.0540742628117681e-01 -1.2529177123699685e+03
    -1.9660068613918311e+03 1.2246397502750766e+04
    2.0148559250027404e-01 1.0581394957505545e+00 1.7596540462536275e-01
    -1.8091584042793936e+03 -1.3887070000928932e+03
    1.2617308312554442e+04 3.9307777787215364e-01 9.5830227107191079e-01
    7.7105547079039632e-02 -1.3033850003805333e+03
    -9.4039924331865120e+02 1.1192359529848191e+04
    4.3410232342088428e-01 7.7033448315352293e-01 9.1710638731631836e-02
    -2.6126299415105818e+03 -1.4946025115861032e+03
    1.0528770117634578e+04 3.5183557336334520e-01 7.7160173124294618e-01
    1.2829461724103719e-01 -2.0704217806041052e+03
    -1.1738947544374905e+03 1.0336806171789045e+04
    2.8899185153797707e-01 6.9625556790396648e-01 1.1054804901761667e-01
    -2.3917619286543127e+03 -1.1150076236181899e+03
    1.1767527219956208e+04 2.9416510687543962e-01 6.5333465749447206e-01
    7.1909899605742164e-02 -2.4289189195196573e+03
    -1.2852800949245550e+03 1.2607011262889533e+04
    2.7445586894925328e-01 4.5177014620208650e-01 8.5202311025155977e-02
    -1.2042115059270718e+03 -1.5697297055864685e+03
